0 0.355946 0.219812 0.383373 0.233527 0.388082 0.247031 0.380880 0.252433 0.371458 0.256381 0.364534 0.256173 0.360655 0.251602 0.329901 0.237059 0.329626 0.225422 0.337937 0.217111
0 0.399203 0.138956 0.425906 0.151473 0.433694 0.163435 0.428132 0.171500 0.418118 0.174839 0.409587 0.172056 0.386220 0.158983 0.380288 0.150637 0.383995 0.143683
0 0.305423 0.143135 0.342328 0.158261 0.349623 0.167272 0.347477 0.177250 0.338036 0.184653 0.327738 0.188837 0.318297 0.183686 0.289117 0.158904 0.289544 0.148606
0 0.022626 0.181434 0.056528 0.199779 0.059104 0.215228 0.044511 0.221022 0.023915 0.207825 0.001601 0.196882 0.008466 0.184330
0 0.235185 0.145481 0.276396 0.166706 0.279375 0.183837 0.265969 0.196498 0.249583 0.199477 0.239653 0.186815 0.201918 0.164472 0.212345 0.147341
0 0.118006 0.175270 0.127440 0.162237 0.136379 0.161493 0.147302 0.164844 0.157232 0.171176 0.183049 0.185325 0.187021 0.194263 0.182057 0.206925 0.173118 0.210275 0.155245 0.208041 0.117510 0.182346
0 0.193476 0.160002 0.225751 0.180484 0.228730 0.191657 0.222771 0.201339 0.213833 0.203199 0.205394 0.201711 0.165175 0.174898 0.171630 0.162981
1 0.151068 0.595952 0.769934 0.904008 0.743743 0.977401 0.730255 1.000000 0.650999 1.000000 0.623833 0.975335 0.082153 0.648673 0.100073 0.609392
1 0.111098 0.486376 0.816796 0.752049 0.819554 0.832679 0.782338 0.877130 0.740989 0.897805 0.082153 0.570109 0.050453 0.518423
1 0.104206 0.363363 0.845741 0.580446 0.885711 0.632135 0.866415 0.677619 0.798879 0.741711 0.742368 0.748946 0.043562 0.456399 0.028399 0.392307
1 0.083532 0.251719 0.900873 0.394375 0.924306 0.442961 0.905007 0.489479 0.870549 0.526694 0.833337 0.537031 0.065615 0.332351 0.039428 0.281699
