0 0.475303 0.347113 0.469581 0.402414 0.571128 0.478694 0.638351 0.451997 0.646932 0.345205 0.665526 0.122083 0.594013 0.078224 0.518209 0.091571
0 0.372324 0.444368 0.445265 0.509206 0.509628 0.507302 0.506766 0.451997 0.511057 0.162133 0.415231 0.162133
0 0.275064 0.467252 0.317974 0.238413 0.388056 0.232692 0.440975 0.299438 0.415231 0.497765 0.345149 0.533998
0 0.245030 0.247946 0.292227 0.226971 0.335136 0.238413 0.332277 0.566419 0.287937 0.614094 0.214995 0.591210 0.194970 0.522556
0 0.177808 0.291809 0.212133 0.267017 0.245030 0.276551 0.240739 0.360460 0.223576 0.617907 0.130610 0.591210
0 0.124888 0.314692 0.174948 0.303251 0.187820 0.619815 0.116307 0.652232 0.071969 0.595023
0 0.114876 0.390972 0.063388 0.389064 0.031922 0.587394 0.097713 0.612186
0 0.771364 0.005757 0.744189 0.310880 0.812842 0.390972 0.918681 0.387159 0.983043 0.307063 0.980181 0.192642 0.989211 0.000000 0.818552 0.000000
0 0.821424 0.408135 0.973031 0.381438 0.995915 0.741862 0.941565 0.787632 0.848599 0.774282 0.801399 0.730420
0 0.691270 0.425298 0.754201 0.383343 0.815702 0.406230 0.830005 0.753304 0.781376 0.791445 0.699851 0.778095 0.664095 0.718978
0 0.679829 0.461531 0.595444 0.451997 0.561116 0.694187 0.635491 0.757120 0.668385 0.736141
0 0.578279 0.528277 0.542522 0.530185 0.511057 0.718978 0.581141 0.736141
0 0.412371 0.554977 0.469581 0.530185 0.523931 0.575952 0.502475 0.734236 0.443837 0.749491 0.396637 0.705628
0 0.346577 0.587394 0.395206 0.553069 0.439546 0.612186 0.413800 0.760933 0.359449 0.759024 0.323693 0.709444
