0 0.694122 0.312798 0.706696 0.000000 0.550809 0.000000 0.526791 0.305159 0.612607 0.369997
0 0.546813 0.095387 0.502475 0.078224 0.445265 0.120179 0.415231 0.362368 0.486744 0.429114 0.561116 0.404322
0 0.449556 0.183108 0.395206 0.165946 0.343718 0.198366 0.315112 0.398601 0.400928 0.455810 0.453847 0.431019
0 0.356590 0.185017 0.269345 0.213621 0.263624 0.287993 0.230727 0.484415 0.283646 0.564511 0.363740 0.513022
0 0.273636 0.246042 0.207842 0.246042 0.189251 0.337576 0.154923 0.543535 0.219286 0.589302 0.266483 0.574044
0 0.199261 0.301343 0.146342 0.295622 0.091992 0.562603 0.154923 0.635069 0.200692 0.600744
0 0.123457 0.381438 0.081982 0.381438 0.036213 0.551161 0.096282 0.596931
0 1.000000 0.619216 0.841446 0.635069 0.847168 0.249854 0.918681 0.211713 1.000000 0.242692
0 0.834296 0.303251 0.778517 0.289901 0.717014 0.335668 0.701282 0.617907 0.782808 0.675116 0.858611 0.631257
0 0.718452 0.411938 0.655506 0.381448 0.609745 0.425298 0.589722 0.629349 0.659804 0.669395 0.704142 0.638886
0 0.614035 0.497765 0.578279 0.471068 0.546813 0.509206 0.538232 0.657953 0.584000 0.682745 0.616897 0.657953
0 0.492465 0.717070 0.532512 0.665582 0.536803 0.522556 0.472440 0.495860 0.423812 0.518743 0.406649 0.648419 0.442406 0.692282
0 0.409499 0.739947 0.435253 0.694187 0.438115 0.562603 0.393777 0.532090 0.358021 0.547348 0.333705 0.682738 0.360880 0.722791
0 0.369462 0.608373 0.339427 0.579765 0.312252 0.604557 0.292227 0.732328 0.320833 0.749491 0.353730 0.747583
0 0.249320 0.802887 0.303671 0.757120 0.313683 0.604557 0.256473 0.574044 0.210704 0.589302 0.189251 0.726607 0.200692 0.772374
0 0.189261 0.808598 0.209273 0.774282 0.236448 0.633161 0.189251 0.602652 0.167795 0.612186 0.127748 0.759024
