0 0.142841 0.185340 0.175347 0.203070 0.182364 0.216647 0.176085 0.225511 0.165744 0.229115 0.148013 0.226344 0.117351 0.202795 0.119937 0.191158 0.129173 0.185340
0 0.233128 0.167398 0.264415 0.184159 0.271759 0.193738 0.268886 0.205231 0.261862 0.212175 0.254838 0.215050 0.244620 0.216724 0.235043 0.209303 0.230572 0.203316 0.196733 0.188470 0.202159 0.175300 0.214292 0.165962
0 0.296981 0.161652 0.333056 0.178413 0.338803 0.184159 0.338165 0.190866 0.334015 0.197091 0.327629 0.202837 0.322841 0.205231 0.315179 0.203795 0.308793 0.194936 0.279421 0.175062 0.280698 0.169554 0.286124 0.163088
0 0.386055 0.157103 0.417341 0.170990 0.419256 0.179370 0.414788 0.186076 0.409041 0.188470 0.400741 0.190387 0.367219 0.172428 0.372007 0.160454
1 0.174835 0.570320 0.700040 0.806344 0.717050 0.836644 0.700040 0.865350 0.672397 0.889271 0.646882 0.902029 0.115298 0.627731 0.111045 0.591052
1 0.151445 0.474635 0.742566 0.675573 0.757450 0.721820 0.729808 0.764881 0.693661 0.788802 0.649008 0.795181 0.104666 0.551183 0.079150 0.517693 0.091908 0.479420
1 0.130182 0.364598 0.751071 0.517693 0.787219 0.549588 0.776587 0.619757 0.717050 0.658031 0.657513 0.658031 0.070645 0.444335 0.055761 0.406062 0.068519 0.377356
1 0.113171 0.265722 0.757450 0.351840 0.797851 0.366193 0.812735 0.402872 0.797851 0.449120 0.751071 0.473041 0.091908 0.332701 0.068519 0.303996 0.066392 0.275290
0 0.333449 0.162346 0.365212 0.177579 0.369279 0.187004 0.360784 0.198361 0.347487 0.199469 0.315347 0.177029 0.315718 0.165392
0 0.341574 0.233269 0.368542 0.247954 0.373343 0.259313 0.364848 0.263745 0.350810 0.263189 0.320149 0.249893 0.318304 0.241027 0.329015 0.233547
