0 0.512437 0.207974 0.616901 0.329058 0.677679 0.334754 0.753651 0.254983 0.632097 0.136749 0.556121 0.142448
0 0.664385 0.183757 0.717566 0.121079 0.791640 0.103986 0.879008 0.178061 0.837222 0.243586 0.766948 0.267803
0 0.803036 0.152418 0.835324 0.092589 0.905599 0.066949 1.000000 0.126858 1.000000 0.137128 0.958780 0.207974 0.892305 0.226493
0 0.096481 0.740739 0.020509 0.621079 0.085086 0.575496 0.170556 0.562676 0.244630 0.665238 0.191448 0.717946
0 0.161058 0.529911 0.199048 0.485751 0.297811 0.471508 0.425066 0.626778 0.381382 0.682334 0.297811 0.698003
0 0.350992 0.511394 0.381382 0.454412 0.457354 0.444442 0.552321 0.531337 0.506739 0.584043 0.434563 0.596863
0 0.485847 0.471508 0.502940 0.427349 0.578912 0.405980 0.651088 0.482904 0.622599 0.522790 0.565618 0.539883
0 0.740357 0.341877 0.770747 0.306265 0.837222 0.284898 0.943585 0.377490 0.898003 0.420226 0.837222 0.437319
0 0.374355 0.282190 0.362960 0.236607 0.442731 0.183901 0.492113 0.183901 0.600377 0.286463 0.588981 0.333472 0.543396 0.367661 0.465522 0.374784
0 0.183853 0.334754 0.149663 0.289172 0.185751 0.229343 0.278819 0.209400 0.324401 0.235040 0.459256 0.374640 0.423168 0.431622 0.377583 0.457262 0.278819 0.443016
