0 0.294428 0.171069 0.308386 0.159102 0.330985 0.163090 0.354914 0.179045 0.358237 0.192006 0.346938 0.203472 0.328991 0.207460 0.312374 0.194000
0 0.436564 0.238013 0.439570 0.226429 0.452870 0.219348 0.485486 0.237693 0.488919 0.249601 0.480337 0.256359 0.467460 0.254430
0 0.400099 0.240278 0.413819 0.225461 0.430556 0.228681 0.456733 0.245417 0.456303 0.252498 0.429699 0.251533
0 0.539983 0.205831 0.552001 0.192956 0.567021 0.194886 0.595771 0.209048 0.594914 0.225141 0.583327 0.233187 0.569593 0.231900
0 0.516382 0.159484 0.521104 0.150471 0.533548 0.145645 0.561442 0.159484 0.564015 0.170104 0.558436 0.178150 0.549854 0.182979 0.541273 0.177830
1 0.188337 0.239568 0.757662 0.341235 0.784775 0.363958 0.783178 0.405821 0.762447 0.435724 0.690685 0.445293 0.159630 0.307746 0.137305 0.277842 0.150063 0.253921
1 0.172388 0.331667 0.730552 0.483566 0.760853 0.520645 0.756068 0.551741 0.727364 0.581644 0.698657 0.607956 0.657192 0.616329 0.153251 0.415389 0.124547 0.393862 0.124547 0.360372
1 0.204282 0.430940 0.713009 0.637857 0.724173 0.666565 0.705036 0.709623 0.679521 0.733544 0.634868 0.746699 0.170794 0.511076 0.143684 0.489546 0.142090 0.457252
1 0.207474 0.527820 0.669950 0.757465 0.684306 0.788562 0.660384 0.818465 0.623704 0.847170 0.591809 0.841188 0.178767 0.590015 0.159630 0.573271 0.170794 0.546957
0 0.115625 0.198986 0.128254 0.191009 0.155506 0.206463 0.164147 0.219425 0.153512 0.225905 0.138224 0.218428
0 0.079064 0.208457 0.105655 0.198487 0.154841 0.228896 0.152183 0.242356 0.141548 0.250831 0.124931 0.250831
0 0.025890 0.219425 0.035860 0.204469 0.062447 0.201977 0.107649 0.230890 0.102331 0.254320 0.089034 0.258807 0.069094 0.250831
0 0.212669 0.190012 0.227956 0.175057 0.250559 0.182036 0.269835 0.197989 0.272493 0.209953 0.256541 0.218428 0.239256 0.208956
0 0.484626 0.165278 0.495784 0.149506 0.511243 0.149182 0.534405 0.162381 0.536121 0.177830 0.527540 0.184266 0.514236 0.182979
0 0.515952 0.212909 0.533118 0.199070 0.559726 0.215486 0.562298 0.228681 0.552857 0.237371 0.539127 0.236084
0 0.455876 0.170427 0.462741 0.156265 0.476475 0.154013 0.499216 0.166885 0.506085 0.173966 0.498790 0.186198 0.488489 0.188127
0 0.259864 0.181039 0.274487 0.170570 0.292434 0.176553 0.309716 0.191508 0.313039 0.203971 0.299081 0.212445 0.283128 0.207959
