0 0.154603 0.181689 0.103975 0.194005 0.101918 0.215055 0.111501 0.221714 0.172394 0.195030
0 0.031448 0.258150 0.009554 0.248398 0.017080 0.233517 0.059501 0.225308 0.075923 0.234030 0.065658 0.243266
1 0.277259 0.495885 0.802483 0.441493 0.815671 0.487644 0.270668 0.537088
1 0.217927 0.611257 0.844239 0.528849 0.872808 0.568405 0.855225 0.607961 0.224517 0.693668 0.202543 0.654110
1 0.106779 0.523462 0.659812 0.475637 0.689243 0.516104 0.663492 0.544613 0.126422 0.604390 0.095754 0.569444
0 0.132176 0.423189 0.212622 0.415796 0.212622 0.451500 0.138753 0.457656
0 0.862483 0.288886 0.797907 0.304556 0.818800 0.350139 0.902371 0.330196 0.883376 0.296009
0 0.529669 0.385955 0.522159 0.401525 0.538062 0.419420 0.604762 0.398214 0.605645 0.383966 0.593277 0.372039
1 0.248690 0.232173 0.806878 0.222284 0.817867 0.278323 0.235506 0.294804
1 0.215741 0.345908 0.831052 0.321176 0.828856 0.401937 0.222321 0.434901
