0 0.226070 0.466333 0.280430 0.507750 0.299414 0.452528 0.237289 0.401903
0 0.509203 0.267875 0.496523 0.231792 0.415828 0.252542 0.409742 0.289528 0.418875 0.336444 0.442219 0.336444 0.505148 0.310278
0 0.518852 0.271486 0.529508 0.230889 0.615773 0.244417 0.618820 0.292236 0.602070 0.332833 0.527477 0.312986
0 0.063000 0.558361 0.094063 0.493944 0.181203 0.582903 0.147555 0.636583
0 0.108727 0.667264 0.142375 0.627389 0.046609 0.526153 0.009508 0.581375
0 0.056961 0.851333 0.145828 0.943375 0.109594 0.995514 0.019000 0.921889
0 0.099234 0.794583 0.180344 0.883542 0.159633 0.951042 0.069039 0.857472
0 0.129438 0.753167 0.217445 0.832931 0.182930 0.891222 0.115633 0.802250
0 0.163945 0.699472 0.243328 0.794583 0.222617 0.842125 0.143242 0.759306
0 0.191562 0.667264 0.270078 0.751625 0.242469 0.816056 0.174305 0.716347
0 0.288195 0.722486 0.270078 0.763903 0.198461 0.688736 0.210539 0.627389
0 0.297687 0.682611 0.227797 0.622792 0.220031 0.661139 0.284742 0.725556
0 0.316664 0.645792 0.250227 0.599778 0.243328 0.636583 0.297687 0.697944
