0 0.068180 0.862069 0.092336 0.800722 0.175164 0.866681 0.171711 0.917292 0.152734 0.946431
0 0.113047 0.825264 0.130297 0.757764 0.205367 0.820653 0.201914 0.857472 0.188969 0.882014
0 0.025039 0.911153 0.047469 0.857472 0.139789 0.924958 0.135477 0.974042 0.119945 0.998583
0 0.496219 0.298556 0.485984 0.260819 0.402586 0.287111 0.398797 0.322819 0.405242 0.354500 0.413961 0.370667 0.495078 0.339667
0 0.529195 0.310694 0.537914 0.271611 0.613352 0.274972 0.627758 0.314736 0.620172 0.359208 0.613352 0.370000 0.593641 0.357861 0.539055 0.343708
0 0.144969 0.636583 0.177758 0.592111 0.083672 0.489306 0.057820 0.549153
0 0.113047 0.673403 0.014680 0.581375 0.038844 0.518486 0.137203 0.585972 0.141516 0.642722
0 0.195008 0.694875 0.213992 0.644264 0.282156 0.697944 0.277844 0.753167
0 0.237289 0.797653 0.264039 0.751625 0.194148 0.670333 0.167398 0.699486
0 0.140656 0.766972 0.167398 0.693347 0.237289 0.777708 0.232977 0.820653 0.218305 0.846736
