0 0.156187 0.952569 0.050922 0.845194 0.014680 0.918819 0.115633 0.992458
0 0.620344 0.299444 0.614758 0.244417 0.532547 0.231792 0.521383 0.270583 0.526461 0.311181 0.603594 0.338236
0 0.510727 0.269681 0.499055 0.233597 0.416844 0.253444 0.411773 0.291333 0.420398 0.333736 0.444250 0.336444 0.508195 0.311181
0 0.284742 0.722486 0.298547 0.678000 0.230383 0.619722 0.218305 0.650389
0 0.274391 0.520014 0.298547 0.452528 0.239016 0.401903 0.219172 0.458653
0 0.108727 0.682611 0.144102 0.639653 0.046609 0.518486 0.012094 0.575236
0 0.253680 0.800722 0.273516 0.751667 0.185516 0.658069 0.157047 0.716347
0 0.215719 0.848264 0.244188 0.789972 0.167398 0.697944 0.135477 0.753167
0 0.177758 0.892750 0.212266 0.845194 0.132891 0.747028 0.100102 0.802250
0 0.153594 0.955639 0.183797 0.885083 0.099234 0.797653 0.066453 0.857472
