0 0.148422 0.949500 0.050055 0.848264 0.019859 0.931097 0.078273 1.000000 0.125992 1.000000
0 0.630031 0.303958 0.624719 0.257458 0.546258 0.234542 0.531469 0.270931 0.539055 0.320125 0.613727 0.342361
0 0.145055 0.639458 0.060203 0.536514 0.088156 0.495694 0.175008 0.568458
0 0.208812 0.846736 0.132891 0.739361 0.108727 0.774639 0.183797 0.897347
0 0.236422 0.797653 0.163086 0.697944 0.132891 0.740889 0.213133 0.845194
0 0.264031 0.750097 0.185516 0.670333 0.163086 0.701014 0.246781 0.796111
0 0.284742 0.716347 0.205367 0.644264 0.191562 0.670333 0.270937 0.747028
0 0.304586 0.676472 0.232977 0.622792 0.207953 0.642722 0.287328 0.716347
0 0.183797 0.897347 0.093195 0.783847 0.070766 0.842125 0.153594 0.943375
0 0.496594 0.282389 0.485602 0.245319 0.401828 0.274306 0.403727 0.330903 0.416992 0.356514 0.497352 0.329556
0 0.144063 0.619931 0.054211 0.518764 0.015281 0.570236 0.111117 0.692694
