0 0.244188 0.793042 0.215719 0.843667 0.132891 0.740889 0.164813 0.696417
0 0.274391 0.753167 0.185516 0.659597 0.168266 0.702542 0.243328 0.793042
0 0.289055 0.722486 0.199328 0.636583 0.188109 0.671875 0.274391 0.753167
0 0.302000 0.685681 0.226070 0.624319 0.213133 0.650389 0.296820 0.724028
0 0.319258 0.650389 0.251094 0.593639 0.239016 0.636583 0.302859 0.688736
0 0.305453 0.464792 0.284742 0.515417 0.218305 0.452528 0.235562 0.400375
0 0.339102 0.458653 0.348594 0.415708 0.300273 0.375833 0.284742 0.411111
0 0.496016 0.291333 0.485859 0.255236 0.403656 0.278694 0.398578 0.314792 0.406695 0.348167 0.414820 0.363500 0.495000 0.335542
0 0.537117 0.297639 0.548281 0.255236 0.627953 0.272389 0.636070 0.323806 0.623391 0.357194 0.544727 0.338236
0 0.152734 0.650389 0.176891 0.607444 0.081117 0.492403 0.053508 0.539958
0 0.104414 0.688736 0.151008 0.642722 0.045742 0.510806 0.012094 0.576764
0 0.049195 0.846736 0.152734 0.951042 0.124445 1.000000 0.109883 1.000000 0.012953 0.924958
0 0.092336 0.799181 0.190695 0.889681 0.161359 0.958708 0.066453 0.865139
0 0.135133 0.749486 0.135133 0.749486 0.221414 0.838444 0.221414 0.838444 0.187766 0.899806 0.187766 0.899806 0.107523 0.813903 0.107523 0.813903
