0 0.068180 0.854403 0.095789 0.800722 0.189836 0.877417 0.161359 0.955639
0 0.154461 0.955639 0.121758 1.000000 0.121516 1.000000 0.019000 0.920361 0.045742 0.849806
0 0.187242 0.885083 0.214852 0.840597 0.136336 0.751625 0.107000 0.802250
0 0.144969 0.751625 0.169992 0.699486 0.242469 0.779236 0.221758 0.845194
0 0.238148 0.806847 0.270078 0.750097 0.191562 0.670333 0.157047 0.699486
0 0.261445 0.765431 0.292508 0.714819 0.216578 0.638125 0.186383 0.678000
0 0.107867 0.691806 0.148422 0.642722 0.044016 0.515417 0.012953 0.578306
0 0.270937 0.507750 0.292508 0.454056 0.227797 0.403444 0.213992 0.460194
0 0.568070 0.376139 0.584313 0.338236 0.662461 0.368917 0.668047 0.412222 0.653328 0.452819 0.571625 0.415833
0 0.468609 0.380639 0.455414 0.337347 0.372188 0.365306 0.371680 0.408611 0.383352 0.441986 0.466070 0.416736
