0 0.460492 0.413125 0.462516 0.368917 0.449836 0.332833 0.368641 0.366208 0.367117 0.411319 0.381320 0.445597
0 0.148422 0.650389 0.180344 0.587500 0.077664 0.490875 0.051781 0.539958
0 0.284742 0.509278 0.295961 0.454056 0.236422 0.411111 0.215719 0.454056
0 0.289922 0.739361 0.307180 0.676472 0.226070 0.616653 0.213133 0.658069
0 0.195008 0.690278 0.221758 0.641194 0.294234 0.714819 0.278703 0.770042
0 0.246781 0.800722 0.271797 0.756236 0.184656 0.667264 0.162227 0.719417
0 0.136336 0.751625 0.163945 0.701014 0.249367 0.788444 0.226938 0.848264
0 0.189836 0.894278 0.210539 0.848264 0.131172 0.754722 0.108727 0.800722
0 0.151008 0.954111 0.182070 0.892750 0.100102 0.793042 0.063859 0.866681
0 0.153594 0.954111 0.057820 0.846736 0.019000 0.924958 0.108383 1.000000 0.114875 1.000000
0 0.102688 0.685681 0.147555 0.615111 0.036250 0.518486 0.011234 0.576764
0 0.556906 0.367111 0.573656 0.330125 0.654344 0.349972 0.658914 0.399583 0.645211 0.430264 0.564016 0.406806
