0 0.176031 0.724028 0.243328 0.794583 0.255406 0.786917 0.263172 0.765431 0.264898 0.734764 0.257992 0.720958 0.206227 0.681069 0.192422 0.673403 0.176031 0.687208
0 0.450703 0.477111 0.447633 0.436569 0.435352 0.403819 0.357281 0.445931 0.359477 0.496611 0.375703 0.520778
0 0.671258 0.499111 0.669680 0.447403 0.591078 0.416667 0.577719 0.455792 0.578500 0.492125 0.653172 0.522861
0 0.024172 0.928028 0.105953 1.000000 0.116633 1.000000 0.132023 0.986319 0.140656 0.949500 0.135477 0.914222 0.061273 0.843667 0.030211 0.877417
0 0.072492 0.871278 0.154461 0.946431 0.179477 0.900417 0.178617 0.865139 0.107000 0.802250 0.085430 0.819125
0 0.114766 0.805319 0.187242 0.885083 0.202773 0.866681 0.206227 0.843667 0.207086 0.814528 0.138930 0.753167 0.119086 0.776181
0 0.143242 0.768500 0.212266 0.839069 0.222617 0.836000 0.236422 0.806847 0.237289 0.777708 0.231250 0.765431 0.179477 0.719417 0.167398 0.704083 0.151867 0.728625
0 0.202773 0.682611 0.262313 0.743958 0.269211 0.754694 0.283883 0.707153 0.276117 0.687208 0.230383 0.655000 0.213133 0.642722 0.205367 0.659597
0 0.027625 0.592111 0.108727 0.670333 0.131164 0.655000 0.139789 0.616653 0.134617 0.595181 0.112180 0.569097 0.043156 0.520014 0.026766 0.538417 0.016406 0.569097
0 0.100961 0.530750 0.170852 0.593639 0.181203 0.607444 0.195008 0.581375 0.195008 0.558361 0.188109 0.533819 0.129438 0.492403 0.113047 0.481667 0.103555 0.500069
0 0.156187 0.487806 0.225211 0.550694 0.236422 0.529222 0.236422 0.503139 0.174305 0.452528
0 0.220898 0.460194 0.275250 0.506208 0.294234 0.483194 0.295094 0.452528 0.236422 0.403444
0 0.291648 0.414181 0.332195 0.454056 0.343414 0.409569 0.295094 0.377361
