0 0.019000 0.937236 0.051781 0.845194 0.147555 0.924958 0.124945 1.000000 0.106531 1.000000
0 0.171711 0.610514 0.198461 0.575236 0.115625 0.487778 0.093203 0.540000
0 0.058688 0.555292 0.088883 0.487806 0.176891 0.579833 0.155320 0.635056
0 0.169125 0.716347 0.190695 0.661139 0.270937 0.743958 0.245914 0.805319
0 0.110453 0.817583 0.135477 0.748569 0.218305 0.829861 0.195008 0.888153
0 0.145828 0.940306 0.182070 0.883542 0.101828 0.793042 0.068180 0.862069
0 0.107867 0.670333 0.146695 0.624319 0.033664 0.513875 0.014680 0.573694
0 0.569375 0.384819 0.581125 0.347083 0.605766 0.353819 0.660734 0.376056 0.668695 0.409750 0.659219 0.443458 0.647844 0.463000 0.572031 0.424583
0 0.454516 0.419861 0.456797 0.378083 0.443906 0.345736 0.364680 0.384819 0.364297 0.419861 0.373016 0.456250 0.393109 0.452889
0 0.219172 0.846736 0.245055 0.779236 0.158773 0.688736 0.131164 0.762375
