0 0.270937 0.763903 0.289055 0.725556 0.209680 0.635056 0.189836 0.679542
0 0.238148 0.808389 0.269211 0.753167 0.187242 0.664194 0.163945 0.711750
0 0.212266 0.839069 0.243328 0.783847 0.167422 0.694861 0.141484 0.753194
0 0.104414 0.802250 0.126852 0.747028 0.219172 0.820653 0.185516 0.888153
0 0.091469 0.799181 0.184656 0.885083 0.158773 0.954111 0.067312 0.866681
0 0.050055 0.846736 0.160500 0.940306 0.134219 1.000000 0.004219 0.921806
0 0.111320 0.679542 0.144969 0.624319 0.041430 0.512347 0.013820 0.584444
0 0.286469 0.512347 0.303727 0.454056 0.231250 0.408042 0.219172 0.457125
0 0.491445 0.319292 0.497531 0.271486 0.484852 0.239903 0.406187 0.262458 0.399086 0.308472 0.410250 0.347264
0 0.621359 0.294042 0.617812 0.247083 0.535086 0.237194 0.520875 0.274194 0.527984 0.317486 0.607148 0.333736
