0 0.372078 0.043307 0.392738 0.143484 0.326996 0.168526 0.263137 0.123448 0.319484 0.048318
0 0.520461 0.023271 0.520461 0.163521 0.407766 0.173536 0.405906 0.000000 0.413988 -0.000000
0 0.263137 0.000000 0.263137 0.118438 0.161707 0.163521 0.103480 0.115937 0.106891 0.000000
0 0.381469 0.724505 0.338270 0.994979 0.347980 1.000000 0.522312 1.000000 0.522340 0.999990 0.512949 0.716990 0.452844 0.719495
0 0.558027 0.724505 0.568809 1.000000 0.760402 1.000000 0.710172 0.739531
0 0.186125 0.686938 0.094410 1.000000 0.298426 1.000000 0.336391 0.716990 0.272527 0.681927
0 0.234961 0.353854 0.163586 0.651875 0.075305 0.661896 0.003930 0.609302 0.005809 0.536672 0.126020 0.276219 0.176734 0.271208
0 0.516707 0.298755 0.499801 0.616812 0.417156 0.676922 0.272527 0.646870 0.261258 0.531667 0.306336 0.271208 0.420914 0.213609
0 0.770277 0.266198 0.836016 0.531667 0.779668 0.636849 0.661336 0.656885 0.573055 0.586760 0.559906 0.341333 0.655699 0.228635
0 0.670797 0.000000 0.672605 0.178547 0.574934 0.183552 0.539246 0.093396 0.589961 0.003240 0.616062 0.000000
