0 0.528480 0.597500 0.538219 0.430833 0.492766 0.409187 0.447312 0.437323 0.439195 0.515245 0.434324 0.580182 0.476531 0.619141
0 0.797961 0.368062 0.827180 0.588839 0.935949 0.632130 0.989520 0.510917 0.906727 0.344250
0 0.773609 0.350745 0.835297 0.597500 0.781719 0.621302 0.718414 0.627802 0.685949 0.582344 0.669715 0.394036
0 0.669715 0.634292 0.648609 0.363729 0.599910 0.348578 0.564195 0.372391 0.551207 0.549880 0.556078 0.645115 0.627508 0.662432
0 0.392117 0.614812 0.426207 0.450313 0.380754 0.432995 0.346660 0.456807 0.322313 0.595333
0 0.283352 0.612651 0.319066 0.461135 0.273609 0.428667 0.241141 0.428667 0.190816 0.558536 0.208676 0.621307
0 0.163219 0.614812 0.228156 0.450313 0.179453 0.383214 0.116141 0.411349 0.041469 0.552042 0.078805 0.616979
0 0.030105 0.619141 0.101531 0.448146 0.059324 0.389703 0.007375 0.402693 0.000000 0.407375 -0.000000 0.631984
0 0.104777 0.337755 0.109648 0.238187 0.159973 0.136458 0.156727 0.095333 0.111273 0.106156 0.033352 0.181911 0.000000 0.224448 0.000000 0.296375 0.051207 0.337755
0 0.236273 0.318276 0.262246 0.203557 0.265492 0.151609 0.288219 0.129964 0.247637 0.080182 0.215168 0.086677 0.146988 0.142953 0.122637 0.173255 0.124258 0.227370 0.156727 0.298797 0.179453 0.311781
0 0.377508 0.281479 0.385625 0.091005 0.315816 0.078016 0.267117 0.168927 0.265492 0.249010 0.312570 0.296630
0 0.374258 0.168927 0.395363 0.049880 0.455430 0.041219 0.466793 0.101828 0.453805 0.181911 0.384000 0.186240
0 0.504129 0.210052 0.507375 0.281479 0.468414 0.305292 0.431078 0.264167 0.419715 0.216547 0.453805 0.181911
0 0.539844 0.186240 0.559324 0.065031 0.521988 0.019573 0.481402 0.052042 0.452180 0.153776 0.494391 0.186240
0 0.546336 0.264167 0.539844 0.073687 0.604777 0.039057 0.659973 0.049880 0.669715 0.125635 0.682699 0.249010 0.601531 0.277151
0 0.723285 0.281479 0.677832 0.173255 0.676207 0.108318 0.702180 0.043385 0.757375 0.030396 0.789844 0.052042 0.828805 0.119141 0.833676 0.194901 0.807699 0.242521
0 0.884000 0.281479 0.802832 0.088839 0.845039 0.013083 0.919715 0.004422 0.991141 0.078016 1.000000 0.118172 1.000000 0.173464 0.978156 0.238187
