0 0.474910 0.673255 0.510625 0.510917 0.560949 0.500094 0.585297 0.558536 0.557699 0.688406
0 0.393738 0.662432 0.424586 0.519573 0.458676 0.515245 0.479777 0.541219 0.452180 0.668927
0 0.281727 0.664599 0.323934 0.506589 0.356402 0.491437 0.390492 0.541219 0.366141 0.666760 0.328805 0.675422
0 0.172961 0.636458 0.231402 0.476286 0.278480 0.467625 0.307699 0.523906 0.291469 0.653776 0.226531 0.694901
0 0.106402 0.623474 0.163219 0.467625 0.221660 0.502260 0.200559 0.610484 0.159973 0.647281
0 0.098285 0.642953 0.159973 0.506589 0.116141 0.478448 0.086922 0.489271 0.047961 0.623474
0 0.044715 0.632130 0.099910 0.504422 0.065816 0.467625 0.023609 0.489271 0.000000 0.555094 0.000000 0.625521 0.005754 0.642953
0 0.848285 0.746849 0.832051 0.521740 0.900234 0.467625 0.992766 0.521740 0.994391 0.751177 0.926207 0.764167
0 0.695688 0.712219 0.703805 0.506589 0.776855 0.474120 0.835297 0.515245 0.832051 0.720875 0.767117 0.727370
0 0.565816 0.733859 0.601531 0.465464 0.698934 0.465464 0.707051 0.603990 0.705430 0.731698 0.646988 0.762000
0 0.526855 0.186240 0.486273 0.231698 0.465168 0.359401 0.476531 0.400526 0.530105 0.415677 0.556078 0.372391 0.569066 0.223036 0.562570 0.190573
0 0.435949 0.186240 0.408352 0.233859 0.382375 0.344250 0.395363 0.407021 0.445688 0.420010 0.471660 0.368062 0.487895 0.242521 0.474910 0.207885
0 0.351531 0.233859 0.299586 0.376719 0.319066 0.441651 0.361273 0.467625 0.406727 0.439490 0.435949 0.268495 0.388871 0.236026
0 0.244391 0.231698 0.176207 0.402693 0.218414 0.471958 0.268738 0.471958 0.310949 0.435161 0.332051 0.294469 0.297961 0.227370
0 0.176207 0.225203 0.093414 0.441651 0.121012 0.493599 0.189195 0.487109 0.244391 0.279318 0.221660 0.231698
0 0.163219 0.272823 0.091793 0.482781 0.043090 0.480615 0.000000 0.439839 0.000000 0.417839 0.083676 0.242521 0.125883 0.231698
0 0.841793 0.210052 0.851531 0.422172 0.806078 0.465464 0.742766 0.450313 0.679453 0.400526 0.695688 0.229531 0.757375 0.207885
0 0.853156 0.205724 0.853156 0.450313 0.927832 0.489271 1.000000 0.459203 1.000000 0.170943 0.922961 0.158104
0 0.582051 0.216547 0.544715 0.389703 0.570688 0.461135 0.614520 0.471958 0.676207 0.432995 0.685949 0.400526 0.690816 0.236026 0.653480 0.225203
