0 0.591836 0.013255 0.635039 0.158510 0.727074 0.130964 0.710172 0.013255
0 0.435937 0.671094 0.421336 0.926500 0.422961 0.984943 0.444520 1.000000 0.590098 1.000000 0.588547 0.950313 0.582051 0.684078 0.526855 0.655938
0 0.622637 0.701396 0.634000 0.976286 0.665125 1.000000 0.781289 1.000000 0.802832 0.958969 0.767117 0.725203 0.710297 0.681911
0 0.796336 0.723036 0.849910 0.989271 1.000000 0.976635 1.000000 0.883344 0.957051 0.718708 0.884000 0.694901
0 0.108027 0.703557 0.046336 0.941651 0.000000 0.946802 0.000000 0.670870 0.060949 0.660266
0 0.452844 0.018266 0.338270 0.013255 0.321363 0.103411 0.387102 0.158510
0 0.481020 0.040802 0.496043 0.150995 0.573055 0.153500 0.563664 0.045812
0 0.239520 0.686240 0.202180 0.924339 0.233027 0.984943 0.319066 0.995766 0.366141 0.939490 0.390492 0.720875 0.358027 0.684078 0.296336 0.675422
0 0.728953 0.028281 0.759008 0.178547 0.873582 0.150995 0.864191 0.000734
0 0.348285 0.307453 0.317441 0.454641 0.307699 0.526068 0.241141 0.571521 0.116141 0.515245 0.109648 0.424339 0.184324 0.246849 0.262246 0.216547 0.312570 0.242521
0 0.559324 0.307453 0.544715 0.580182 0.510625 0.619141 0.440816 0.593167 0.422961 0.567193 0.439195 0.311781 0.510625 0.270656
0 0.801207 0.242521 0.838547 0.298797 0.880754 0.452474 0.877508 0.539057 0.783352 0.608318 0.702180 0.584510 0.661598 0.567193 0.638871 0.331266 0.689195 0.227370 0.752508 0.225203
0 0.874258 0.311781 0.945688 0.584510 1.000000 0.596750 1.000000 0.249458 0.948934 0.262000
