0 0.796336 0.203557 0.859648 0.389703 0.957051 0.400526 0.997637 0.311781 0.981402 0.223036 0.921336 0.123474 0.871012 0.132130
0 0.752508 0.493599 0.786598 0.662432 0.849910 0.703557 0.903480 0.666760 0.919715 0.616979 0.856402 0.463297 0.793090 0.465464
0 0.604777 0.493599 0.640492 0.701396 0.724910 0.725203 0.763871 0.679750 0.721660 0.471958 0.640492 0.474120
0 0.468414 0.480615 0.486273 0.729531 0.562570 0.755505 0.614520 0.701396 0.575559 0.489271 0.541469 0.452474
0 0.338547 0.517411 0.333676 0.710052 0.398609 0.753344 0.455430 0.710052 0.447312 0.526068 0.411598 0.484943
0 0.114520 0.558536 0.046336 0.762000 0.000000 0.762000 0.000000 0.530109 0.078805 0.528234
0 0.223285 0.536891 0.205430 0.742521 0.156727 0.757672 0.101531 0.733859 0.124258 0.530396 0.171336 0.532562
0 0.250883 0.168927 0.242766 0.411349 0.182699 0.450313 0.119391 0.437323 0.059324 0.372391 0.114520 0.149448 0.187570 0.121307
0 0.427832 0.138625 0.434324 0.398365 0.356402 0.417844 0.281727 0.394036 0.275234 0.326932 0.289844 0.173255 0.356402 0.171089
0 0.570688 0.179750 0.595039 0.398365 0.572313 0.428667 0.525234 0.422172 0.507375 0.372391 0.494391 0.194901
0 0.757375 0.132130 0.820688 0.326932 0.789844 0.398365 0.711922 0.407021 0.668090 0.378880 0.635625 0.220875 0.681078 0.134292
