0 0.531727 0.047714 0.549586 0.129964 0.494391 0.151609 0.471660 0.060703
0 0.739520 0.560703 0.786598 0.744682 0.871012 0.733859 0.903480 0.688406 0.851531 0.532562 0.781727 0.534729
0 0.125883 0.088839 0.069066 0.125635 0.026855 0.099661 0.030105 0.056370 0.088547 0.039057 0.121012 0.065031
0 0.609648 0.545552 0.627508 0.725203 0.666469 0.768495 0.737895 0.736026 0.750883 0.697062 0.721660 0.539057 0.661598 0.536891
0 0.481402 0.541219 0.481402 0.740354 0.510625 0.779318 0.575559 0.774984 0.601531 0.731698 0.577180 0.545547 0.539844 0.515245
0 0.338547 0.571526 0.323934 0.723036 0.359648 0.774984 0.416469 0.753344 0.440816 0.720875 0.440816 0.573688 0.398609 0.541219
0 0.134000 0.556370 0.090168 0.753344 0.134000 0.772823 0.194066 0.744682 0.218414 0.580182 0.181078 0.560703
0 0.103156 0.586677 0.030105 0.757672 0.000000 0.752391 0.000000 0.582224 0.004129 0.560703 0.052832 0.554208
0 0.260625 0.251177 0.228156 0.448146 0.159973 0.467625 0.086922 0.437323 0.052832 0.385375 0.122637 0.194901 0.195687 0.188406
0 0.422961 0.246849 0.419715 0.411349 0.374258 0.461135 0.319066 0.445984 0.276855 0.411349 0.294715 0.225203 0.358027 0.207885
0 0.562570 0.259833 0.575559 0.439490 0.538219 0.471958 0.504129 0.463297 0.494391 0.450313 0.486273 0.266328 0.518738 0.242521
0 0.746012 0.205724 0.791469 0.372391 0.737895 0.450313 0.669715 0.452474 0.645363 0.428667 0.624258 0.242521 0.689195 0.188406
0 0.442441 0.013083 0.442441 0.142953 0.351531 0.129964 0.343414 0.069359 0.396988 0.000094
0 0.786598 0.268495 0.846660 0.445984 0.916469 0.445984 0.984648 0.363729 0.929453 0.205724 0.832051 0.203557
0 0.611289 0.000104 0.559336 0.086667 0.627508 0.147281 0.685937 0.112656 0.656727 0.026068
0 0.684324 0.045552 0.698934 0.129964 0.750883 0.151609 0.796336 0.095333 0.773609 0.023906 0.724910 0.008755
