0 0.539844 0.214380 0.504129 0.207885 0.471660 0.223036 0.487895 0.262000 0.484648 0.290141 0.507375 0.305292 0.539844 0.305292 0.554453 0.266328 0.557699 0.238187
0 0.905105 0.047714 0.934324 0.225203 0.965168 0.277151 0.996012 0.285807 0.999258 0.006562 1.000000 0.004974 0.956172 0.001875
0 0.530105 0.078016 0.499258 0.214380 0.413219 0.199229 0.470039 0.036891
0 0.382375 0.099661 0.327180 0.164599 0.319066 0.225203 0.335297 0.270656 0.353156 0.292302 0.380754 0.307453 0.414844 0.298797 0.435949 0.272823 0.442441 0.244682 0.437570 0.207885 0.429453 0.186240 0.432699 0.147281 0.439195 0.123474 0.442441 0.108318 0.426207 0.099661 0.414844 0.093167
0 0.616145 0.088839 0.591793 0.238187 0.637246 0.296630 0.710297 0.285807 0.741141 0.231698 0.739520 0.151609 0.729777 0.062865 0.659973 0.043385
0 0.747637 0.097500 0.752508 0.240354 0.804453 0.290141 0.896988 0.255505 0.924586 0.155937 0.880754 0.071521 0.832051 0.028234
0 0.875883 0.420010 0.921336 0.627802 0.981402 0.666760 1.000000 0.658495 1.000000 0.387135 0.944066 0.383214
0 0.848285 0.389703 0.906727 0.575854 0.874258 0.640786 0.819066 0.662432 0.770363 0.649448 0.742766 0.608318 0.739520 0.439490 0.778480 0.378880
0 0.728156 0.402693 0.746012 0.651609 0.713547 0.684078 0.668090 0.679750 0.609648 0.655938 0.588547 0.623474 0.617766 0.394036 0.663219 0.372391
0 0.585297 0.463297 0.580430 0.606156 0.544715 0.640786 0.500883 0.619141 0.476531 0.575854 0.499258 0.454641 0.549586 0.432995
0 0.465168 0.484943 0.444066 0.623474 0.416469 0.632130 0.371012 0.610484 0.366141 0.578016 0.409973 0.465464 0.440816 0.458969
0 0.364520 0.489271 0.335297 0.616979 0.306078 0.621307 0.270363 0.606156 0.244391 0.573688 0.242766 0.554208 0.293090 0.445984 0.325559 0.441651
0 0.281727 0.489271 0.218414 0.623474 0.153480 0.632130 0.112895 0.588839 0.114520 0.521740 0.185949 0.424339 0.233027 0.411349 0.255754 0.445984
0 0.163219 0.450313 0.169715 0.484943 0.117766 0.614812 0.049586 0.597500 0.009000 0.565031 0.012246 0.515245 0.091793 0.424339 0.127508 0.413516
0 0.148609 0.166760 0.096660 0.121307 0.000000 0.211318 0.000000 0.324406 0.009000 0.355073 0.043090 0.348578
0 0.197313 0.114812 0.072313 0.242521 0.065816 0.298797 0.098285 0.348578 0.143738 0.337755 0.182699 0.298797 0.247637 0.168927
0 0.267117 0.091005 0.195687 0.173255 0.182699 0.251177 0.208676 0.303125 0.260625 0.329099 0.291469 0.316115 0.312570 0.246849 0.315816 0.203557 0.333676 0.142953 0.340168 0.136458 0.307699 0.103990
0 0.549586 0.041219 0.505754 0.173255 0.577180 0.220875 0.609648 0.164599 0.612895 0.047714
