0 0.236273 0.229531 0.174586 0.212214 0.091793 0.443818 0.119391 0.482781 0.182699 0.476286
0 0.877508 0.229531 0.879129 0.441651 0.900234 0.497932 0.983027 0.504422 1.000000 0.501339 1.000000 0.177339 0.958676 0.173255
0 0.867766 0.238193 0.866141 0.441651 0.825559 0.480615 0.784973 0.476286 0.733027 0.454641 0.705430 0.415677 0.718414 0.242521 0.783352 0.201396
0 0.710297 0.246849 0.689195 0.452474 0.637246 0.484943 0.580430 0.476286 0.552832 0.413516 0.577180 0.242521 0.646988 0.218708
0 0.569066 0.212219 0.556078 0.398365 0.538219 0.415677 0.487895 0.415677 0.471660 0.387542 0.470039 0.333427 0.505754 0.199229 0.541469 0.175422
0 0.499258 0.216547 0.463547 0.409187 0.434324 0.424339 0.396988 0.402693 0.387246 0.372391 0.390492 0.337755 0.419715 0.210052 0.458676 0.177583
0 0.426207 0.259833 0.398609 0.432995 0.387246 0.458969 0.367766 0.458969 0.343414 0.441651 0.330430 0.426500 0.309324 0.394036 0.296336 0.374552 0.341793 0.244682 0.398609 0.220875
0 0.333676 0.255505 0.343414 0.290141 0.319066 0.437323 0.284973 0.467625 0.249258 0.471958 0.210297 0.445984 0.185949 0.398365 0.236273 0.238187 0.289844 0.220875
0 0.168090 0.270656 0.096660 0.467625 0.044715 0.467625 0.007375 0.424339 0.098285 0.223036 0.143738 0.225203
0 0.098285 0.478448 0.059324 0.610484 0.000000 0.582802 0.000000 0.566906 0.044715 0.461135
0 0.108027 0.452474 0.052832 0.591005 0.085297 0.623474 0.117766 0.619141 0.159973 0.471958
0 0.185949 0.450313 0.104777 0.578016 0.145363 0.619141 0.195687 0.625635 0.233027 0.493599
0 0.236273 0.458969 0.177832 0.601828 0.216793 0.664599 0.280105 0.634292 0.307699 0.510917 0.291469 0.458969
0 0.325559 0.489271 0.284973 0.619141 0.322313 0.668927 0.380754 0.638625 0.390492 0.532562 0.375883 0.489271
0 0.426207 0.502260 0.393738 0.649448 0.421336 0.675422 0.460297 0.662432 0.474910 0.545547 0.457051 0.508755
0 0.507375 0.513083 0.471660 0.647281 0.512246 0.694901 0.575559 0.671089 0.582051 0.558536 0.556078 0.502260
0 0.609648 0.474120 0.572313 0.729531 0.627508 0.785807 0.690816 0.757672 0.695688 0.662432 0.713547 0.493599 0.676207 0.469792
0 0.720039 0.508755 0.705430 0.688406 0.713547 0.718708 0.763871 0.744682 0.838547 0.736026 0.835297 0.684078 0.841793 0.536891 0.791469 0.495766
0 0.854777 0.526068 0.845039 0.736026 0.905105 0.794469 0.970039 0.783646 1.000000 0.737391 1.000000 0.723370 0.987895 0.549880 0.926207 0.504422
