0 0.473285 0.476286 0.442441 0.623474 0.403480 0.636458 0.369391 0.608318 0.409973 0.461135 0.448934 0.452474
0 0.369391 0.497932 0.327180 0.619141 0.280105 0.632130 0.241141 0.588839 0.237895 0.530396 0.286598 0.439490 0.335297 0.439490
0 0.273609 0.463297 0.213547 0.625635 0.138871 0.632130 0.101531 0.588839 0.109648 0.532562 0.179453 0.404854 0.220039 0.409187
0 0.172961 0.443818 0.121012 0.627802 0.051207 0.632130 0.000000 0.563854 0.000000 0.559760 0.010625 0.515245 0.086922 0.415677 0.121012 0.415677
0 0.150234 0.181911 0.049586 0.344250 0.010625 0.346417 0.000000 0.338547 0.000000 0.206750 0.078805 0.129964 0.117766 0.138625
0 0.189195 0.116979 0.047961 0.264167 0.077180 0.316115 0.109648 0.339922 0.143738 0.339922 0.198934 0.264167 0.250883 0.149448
0 0.267117 0.099661 0.185949 0.186240 0.182699 0.268495 0.211922 0.303125 0.257375 0.309620 0.284973 0.296630 0.309324 0.259833 0.322313 0.155937 0.335297 0.123474 0.307699 0.108318
0 0.439195 0.225203 0.437570 0.285807 0.388871 0.322604 0.325559 0.272823 0.289844 0.194901 0.323934 0.142953 0.396988 0.093167 0.426207 0.106156
0 0.849910 0.415677 0.942441 0.675422 1.000000 0.642802 1.000000 0.419328 0.981402 0.372391
0 0.556078 0.227370 0.570688 0.270656 0.543090 0.296630 0.513871 0.305292 0.470039 0.290141 0.461922 0.242521 0.492766 0.199229 0.526855 0.192734
0 0.611273 0.058536 0.611273 0.175422 0.556078 0.210052 0.525234 0.188406 0.500883 0.151609 0.530105 0.060703 0.559324 0.041219
0 0.614520 0.071526 0.598285 0.136458 0.601531 0.205724 0.604777 0.266328 0.640492 0.281479 0.700559 0.270656 0.731402 0.225203 0.728156 0.160266 0.711922 0.082344 0.695688 0.060703 0.668090 0.052042
0 0.721664 0.093167 0.750883 0.249010 0.832051 0.285807 0.892117 0.220875 0.903480 0.127802 0.848285 0.052042 0.778480 0.028234
0 0.884000 0.071526 0.914844 0.229531 0.978156 0.277151 1.000000 0.277151 1.000000 0.006620 0.937570 0.008755
0 0.429453 0.186240 0.429453 0.129964 0.448934 0.056370 0.507375 0.052042 0.520363 0.095333 0.505754 0.164599 0.484648 0.214380 0.453805 0.212214
0 0.845039 0.394036 0.896988 0.597500 0.840168 0.649448 0.760625 0.649448 0.716793 0.578016 0.724910 0.417844 0.778480 0.385375
0 0.710297 0.389703 0.744391 0.651609 0.677832 0.675422 0.612895 0.653776 0.591793 0.580182 0.611273 0.389703 0.659973 0.365896
0 0.585297 0.448146 0.577180 0.623474 0.481402 0.612651 0.494391 0.439490
